$ANSIBLE_VAULT;1.1;AES256
31373230613637303564373464343932666432636133633565626231663636353165353564386635
3138626462623061393432633937323339366563646333390a356637396135653135313935643936
37333937356434643337363763616661346136613964313436666438356134353439323461343762
3731613965343438620a346263363832623436356666346136366365386334303839313930366639
32316134613535306366326138653965383330616235313464313137643337643662376330396664
37636434326431643937333239623035666531363931323832623865653665666330643062623930
33336637613833623432633966366562633733313638663537636337326361353934643065396635
30343337616139623639666339346230396633613164356464376339326335323066346237616466
38333566333033326335356534393362663864376531346139626639323338333063353238653864
32626362353266613761646330393735373561393565333531613934623437373332386430613363
36383938353732386439373138326133613736616639353538346361343730343933323834343464
65643931323137313037303566633732383561363431386366326530303636666236333861653035
35316263653133663665623931346666666237333837393366656538656466323537396661663564
64613534366533636661303165366434333062353462386331633961313966326535363034366336
38333365353434386165356134353437323638373837366366346236346530373165636232316461
38333438656166386433343162663232363136643265373161343538313937633033326262633636
61303133613564663835643963346436363830666263643231323365613037633734636133333939
65613766623330613138316631633436396336316630626337663537633533626535303765333464
31373031383130383136313862613265646562666134613264663165313236316531343432353136
39326538356430373065613034313937333230366262323838343539616633396238613037366439
34656263316238323332326363363631343836386365656363393034383534616663366230396431
33303339356534613265396339643765343533333332636362643533623535656635333439373839
37376462343434363566383962343838366339656235346531613335373463616639373865613335
34336561333630613865323166343261326535613164336261373439656561663836663965303632
63323039643030623131663263376430326639393438646661366362393935313030313866353134
32323733363437623138396330346363653761633134636536623436393164613431633732363063
63323733303266353061636365656631656564353232313763343961663436393639363938346136
30306161613332303865313064396461626465316566336563326139373465346264326463333966
65343265356264346232366366626238373066326239373233343137306563626637373335643430
35636562616236386236623630303337386630393237356337643331343234376563626230343561
65323862393662373934663138613037313965323731633662666230373963663131396234376262
64343638356630336363363666373462653561326631653335316530316235663136323261663931
66356563393366626465373036326363636232346130396664363538366132613434393862333336
32356165613939316563626432346638396130633039333037653031316266376335336434373639
61623935346235333132643463623063326635366439643066373936383439653530316363376635
62343464643834323234366130373963326461393265633534316563386430313139636536626266
32633262353433363966383330386161633635643332646666636561643663613761303464353730
65663364303237363434326638643665356636396664396432623031616436663730646430313265
39373632316433656331326365623465663866383462666236663436663862323937306663623130
64663730376233356561346232343666323832313265326632626139366364343432653132353261
63343366623361363063366231626431373462663661663762366635623534393139356135666365
61303165303234363838393135616534366166613135383763343032383539663938393565663061
63616335373433373462356139653335333431616634313534383864356166386239333666373436
61663731623833613131333962323366666662656634373336656464626436643832373465313466
65303331623036653539356562383031643836303465336230303962333734343432346633306135
64633732653036383236666262376466373731613562343431613239323466366632363836346239
31326332633562636132356131393430663365643364306264343665393739653539383663393032
32313462316438353539663139306162646439373466626661653733633839363138616338613563
33633432333066663565393862666534393135613733653463386265393130636563313964336662
66633532626565303637303665623835303634303863663431363632616231323962653461346263
61383234613232393633656335383838353761663431393830666663633465613134636364633639
38336239306430363134623439363633313136393162643361316364356135356231356165353164
66323061363261656264306235643161366431346639333634623761363761303930366233623937
62653466383732656235383266643132613761383863366666623335386466313634363733373361
64363461303937306531396633663865346430356630643839663638626163626139376364376139
30646636626439343366306530376430383330323364346162393761326461386437323033333334
63303538313237663537366630626331383864343563396461626461376431383730613537303739
64633433323635623339663234393766306564393035643738323435383837613933613162396637
37333532383564373966663062363136333961663533343465616433383236353534643731613061
30653866323662343632373436666131643266376539346663373537653864353436613535393461
33396532303335643632303430376230393062353263323830356239356666346537633034363439
38653536383064316236316536393965343331613333656432343738383166323939323763396265
34336633653734666132623637663066653739306535383937626236306363333861666634363165
37363231336561313931366566613761333530373632383837363038323461366238613864356633
61343038353134616432663065616466363766663065393566646532306137363664393932613231
37616532326663303863353831653236396266396430646235313832613839366266666362306162
31316232346333326139343761343664323263393161323335303434346464653532363863363566
37656131393038353438653339663637333030653130306361616637623964383362336165396532
31616139336363326538366261306562373231316135623839306637336231646431643963666439
65303363643066613734346238623535646534393832363262643234663839336230333664643439
32363635643063393165666530643764383164313638336536396164333937343365346364386435
61346237343836646336326662303233353731636336396539343835376131343138653961353663
39656133666461326631343165663162626332663430313034643466366463333136306264323565
34383231303333353066363235366663346264643361656465313338616534316166643834653533
36333535336465643134333963653638646337643731656133653037333831326334666162346334
61366430663163363634353766326633383066343661313739303363363863326231666261333562
33643861316632633665306565376332363738393335316232613937316432663330373931343634
35323132663738643231313031386635313733346263363536373165306265333336316362346438
63383338396666323434336631326463613163633163366430336365353662326531643039313931
66373637333732346237663534653661323966373936613131656137623432333563326532613161
37376632343337613732306433636366313462633531393836363531313538663236663437393030
33306539613663633631373735373730633833366636656561623137333132333565386133366461
36646165643036366132366264353435313762653131336635363463366665303564316466356435
36303335326138646434396264393565613465366533313237643330313534393932383934336131
34306130383533393431396138323332663864373734313235363736356261386537646535343064
62326330373635643237646132316666633337666365376535313064326530336433303735653633
34633036656334653833663564366266336362346630643935336430356264646137343730633663
37303734386530393839303363303835346465343261383634663038626433363733303033316332
61313731373239323761303464623133323232363134633662623937326132633062316565653234
39666131393538363865663036396336386638623262633139346231363364653462363065323538
66326162396634356266386639383930386535346564373562323062363431366434343830343836
34663065363566646638376536306161323733356136353933386665613861646436396465343266
34343963666133386632393666356130643938616261313839663235353063343566386465653337
34633039373433333363633333626339663966313231626438353061333562613664386535363030
61313966306131326539633837363466366533633663636235656364353232376336643936393062
38356530373736373032663336333461656638303238336165626137363866643935393765323165
36633337633361613039316434323361313462663930663939386631633737383662643030653966
38393265376635653264663061333334386430366164346465396232383261386432363764323034
35346565336462366436616366643761653133613865343137333962343464393033646663303365
38386637393331376435383836343437646639336239373066333538613166316432653730393466
61323739363463306462653735306636343664373833386437626464316437363466313165623033
33346433343039303032383133313335393865333263313834373236653036666337356261306530
35323766396135303634643665643766366537633939623764316331383834363866303233323435
36326639396439663365386330333739353735383637363237373430663661643763353938663031
62653131336661313839383263643261343032666430646161353733663930623039633138363037
31313362626130646634333530623961396634363430613862613032626232643233646365666263
34373639306565336137303632373234653632386634366161363337373739623538646632303636
39653466336337366464383634393230376432613464633362363633643062383131393938623635
65663632646566646338613739336534336465666562656239323833393163333961636132663838
38363338363661656338373364313362616465393463643335366665306437343061343037626635
63373066333736333731323331333336323930653236353562326236376365353237623633346261
39386338613164326366653035613830333362616136623166303739636661643864373531613230
39386261306566383764326539373465623739356461646135383266643931303632366564326432
31333335643539326135666564323666383035663738373661656435636233636232383330613863
61633765653566353564663135636136316331343365373161633935353364383466666338313161
65653432626530383333383863353665356531393830653237366664626263656534366162643834
37386562653333343864333736373133616461613466636532646635373936656538393232666361
34373132366531323662356239613964363133396161336362396161656239623436653062626438
31333930636235383761613666316166326532303030383564356362663030396531356134393665
37616532333864333763383630393236636162616238646135666432643135393364383564643339
37353736366537333862643438383437653835323635373063666537323235643935393566363635
34643532363361343530613530316539353835666261343766383534363130613262373434353235
38346432303933616338663433663635653435393837386162306136383135353662333438363264
38656466313864336666663361393561343264643432653933316266623436383238653033336661
65313261326466613933393138373663343431653636383961666265643035646261363564343763
61623632373462356137333137373330613138353666616235333736636564386238373537633964
63313530353766666463343331623934393735386639353636316431626334346538646435386336
65653564313136373139663732623933336164663762353266306139393733326332393239373334
37343565393934336436353139303365356431326334623961366230653138626566653233613866
37306430626565623430363562333063353565396264343636346234643137663833393863303163
30386465363936323161316564633930303364653333656137656634626162626538633763323266
38396663393739633464636435363339396230623835616337626133323863316637613737303165
65353230653436313130313564663437666137353761393035633337666633336362
